v -1374.436768 2.00000 29.177734
v -1092.304932 2.00000 -473.356659
v -1544.277100 2.00000 -816.441711
v -1485.697388 2.00000 61.009926
v -1530.338013 2.00000 55.037903
v -1644.900757 2.00000 6.932999
v -1838.747314 2.00000 -265.547821
v -1763.319702 2.00000 -54.353107
v -1808.343018 2.00000 -86.817116
v -1838.223511 2.00000 -142.432800
v -1845.476562 2.00000 -214.054443
v -1758.326294 2.00000 -389.464539
v -1697.278442 2.00000 -415.183258
v -1651.334229 2.00000 -464.314880
v -1649.965088 2.00000 -580.284363
v -1539.735840 2.00000 -580.871948
v -1539.428711 2.00000 -460.250824
v -1309.847656 2.00000 -459.622711
v -1309.867310 2.00000 -369.833801
v -1499.431030 2.00000 -369.241638
v -1592.061279 2.00000 -306.116241
v -1612.511719 2.00000 -223.025482
v -1568.398926 2.00000 -170.992920
v -1431.645020 2.00000 -175.299591
v -1245.369141 2.00000 -330.495880
v -1187.810547 2.00000 -270.288422
v -1331.317017 2.00000 -146.687134
v -1376.928101 2.00000 -94.433762
v -1391.651123 2.00000 -41.465515
v -1390.077393 2.00000 -18.536407
v -1382.996582 2.00000 7.935036
v -1803.980713 2.00000 -344.340668
v -1825.132690 2.00000 -303.146423
v -1374.436768 2.00000 29.177734
v -1374.436768 2.00000 29.177734
v -1372.784790 2.00000 30.305183
v -1318.349365 2.00000 -19.537956
v -1151.293945 2.00000 -235.986420
v -1112.656128 2.00000 -357.471863
v -1497.951050 2.00000 -158.420486
v -1607.570923 2.00000 -268.489014
v -1832.101929 2.00000 -639.121643
v -1534.146851 2.00000 66.996559
v -1487.579346 2.00000 73.397881
v -1652.698975 2.00000 20.013416
v -1773.680664 2.00000 -41.036194
v -1822.709473 2.00000 -77.889313
v -1854.791504 2.00000 -137.095322
v -1861.857544 2.00000 -213.602646
v -1863.253662 2.00000 -305.791718
v -1853.711426 2.00000 -424.507324
l 4 5
l 5 6
l 1 31
l 31 30
l 29 30
l 11 7
l 8 9
l 27 28
l 28 29
l 9 10
l 26 27
l 24 25
l 10 11
l 22 23
l 41 22
l 20 21
l 25 26
l 19 20
l 18 19
l 2 3
l 16 17
l 17 18
l 12 13
l 15 16
l 14 15
l 32 12
l 7 33
l 14 13
l 33 32
l 40 23
l 1 34
l 35 34
l 3 42
l 2 39
l 4 44
l 36 37
l 37 38
l 38 39
l 36 35
l 8 6
l 24 40
l 21 41
l 43 44
l 45 43
l 46 45
l 47 46
l 48 47
l 49 48
l 50 49
l 42 51
l 51 50
